17009 11826
4074 23985
29809 27807
11746 18142
15492 33472
34391 26234
18889 28554
32118 12292
3496 23318
13789 35325
4101 36847
37973 28715
3334 21012
10943 23940
22091 18987
24416 27605
891 36460
27935 24758
33731 14353
4010 15938
29125 30074
16547 22305
36494 257
1876 11865
39637 26551
29374 12683
9662 12201
38299 33997
29931 29272
5795 4347
39754 4749
39516 32005
34542 7430
34201 14578
31412 20500
38120 39676
3573 31516
8873 25383
17643 1250
16755 13408
3804 21357
9627 22834
34710 141
36136 36778
6962 3429
909 32849
26085 36182
25912 8533
12656 11349
18098 39594
31392 25389
34505 21744
36005 29385
31587 6905
4556 30480
8781 17548
31250 23145
1705 13396
2354 31379
38742 6884
36822 1312
33991 14528
37040 8690
26306 13344
16111 4174
22305 33818
16678 8238
2592 37632
1264 36072
2217 5056
34522 3156
18819 20434
31465 13199
7162 35569
39702 13194
2460 16546
10135 5328
23547 1492
2543 33380
12612 23574
12727 36142
35975 3548
36759 12780
5851 28813
16253 10455
38065 33073
32648 16587
26767 5842
39422 34868
19000 17039
37880 8336
17291 31537
10050 9504
6058 28872
8868 22007
8480 23747
24138 33169
30502 15299
23575 38952
36327 7609
28169 32611